% Intrinsic and Extrinsic Camera Parameters
%
% This script file can be directly executed under Matlab to recover the camera intrinsic and extrinsic parameters.
% IMPORTANT: This file contains neither the structure of the calibration objects nor the image coordinates of the calibration points.
%            All those complementary variables are saved in the complete matlab data file Calib_Results.mat.
% For more information regarding the calibration model visit http://www.vision.caltech.edu/bouguetj/calib_doc/


%-- Focal length:
fc = [ 1449.150903446770800 ; 1452.711110090643400 ];

%-- Principal point:
cc = [ 973.733544935617830 ; 514.131136398123660 ];

%-- Skew coefficient:
alpha_c = 0.000000000000000;

%-- Distortion coefficients:
kc = [ -0.378819853119158 ; 0.173043383677478 ; 0.000371179455329 ; 0.000195271678746 ; 0.000000000000000 ];

%-- Focal length uncertainty:
fc_error = [ 5.313452387121496 ; 5.365361072693488 ];

%-- Principal point uncertainty:
cc_error = [ 6.438426550222220 ; 4.861916785097518 ];

%-- Skew coefficient uncertainty:
alpha_c_error = 0.000000000000000;

%-- Distortion coefficients uncertainty:
kc_error = [ 0.008605738910424 ; 0.012261015599375 ; 0.000542127522169 ; 0.001045731191138 ; 0.000000000000000 ];

%-- Image size:
nx = 1920;
ny = 1080;


%-- Various other variables (may be ignored if you do not use the Matlab Calibration Toolbox):
%-- Those variables are used to control which intrinsic parameters should be optimized

n_ima = 31;						% Number of calibration images
est_fc = [ 1 ; 1 ];					% Estimation indicator of the two focal variables
est_aspect_ratio = 1;				% Estimation indicator of the aspect ratio fc(2)/fc(1)
center_optim = 1;					% Estimation indicator of the principal point
est_alpha = 0;						% Estimation indicator of the skew coefficient
est_dist = [ 1 ; 1 ; 1 ; 1 ; 0 ];	% Estimation indicator of the distortion coefficients


%-- Extrinsic parameters:
%-- The rotation (omc_kk) and the translation (Tc_kk) vectors for every calibration image and their uncertainties

%-- Image #1:
omc_1 = [ -1.938437e+00 ; -1.822347e+00 ; 4.155465e-01 ];
Tc_1  = [ -6.104201e+02 ; -1.852688e+02 ; 1.389920e+03 ];
omc_error_1 = [ 3.991443e-03 ; 3.431406e-03 ; 5.961362e-03 ];
Tc_error_1  = [ 6.202661e+00 ; 4.849810e+00 ; 5.473507e+00 ];

%-- Image #2:
omc_2 = [ -1.910085e+00 ; -1.803395e+00 ; 4.078153e-01 ];
Tc_2  = [ -6.017497e+02 ; -2.108420e+02 ; 1.381265e+03 ];
omc_error_2 = [ 3.945179e-03 ; 3.397465e-03 ; 5.848802e-03 ];
Tc_error_2  = [ 6.168479e+00 ; 4.814635e+00 ; 5.440199e+00 ];

%-- Image #3:
omc_3 = [ -2.098950e+00 ; -1.913758e+00 ; 1.269079e-01 ];
Tc_3  = [ -6.528973e+02 ; -1.750768e+02 ; 1.254381e+03 ];
omc_error_3 = [ 4.098237e-03 ; 3.580189e-03 ; 7.040547e-03 ];
Tc_error_3  = [ 5.602901e+00 ; 4.429232e+00 ; 5.571870e+00 ];

%-- Image #4:
omc_4 = [ 2.192517e+00 ; 2.032274e+00 ; 5.103961e-01 ];
Tc_4  = [ -6.655466e+02 ; -1.922237e+02 ; 9.643422e+02 ];
omc_error_4 = [ 4.596039e-03 ; 4.401029e-03 ; 9.160036e-03 ];
Tc_error_4  = [ 4.600913e+00 ; 3.620434e+00 ; 5.350767e+00 ];

%-- Image #5:
omc_5 = [ 2.182370e+00 ; 2.072328e+00 ; 4.855356e-01 ];
Tc_5  = [ -6.378918e+02 ; -2.338113e+02 ; 1.040598e+03 ];
omc_error_5 = [ 4.710022e-03 ; 4.784207e-03 ; 9.805956e-03 ];
Tc_error_5  = [ 4.887430e+00 ; 3.849802e+00 ; 5.534380e+00 ];

%-- Image #6:
omc_6 = [ 1.918456e+00 ; 2.302341e+00 ; 6.929257e-01 ];
Tc_6  = [ -5.620416e+02 ; -1.865465e+02 ; 9.637118e+02 ];
omc_error_6 = [ 4.618438e-03 ; 3.973023e-03 ; 7.748845e-03 ];
Tc_error_6  = [ 4.465270e+00 ; 3.546943e+00 ; 5.128508e+00 ];

%-- Image #7:
omc_7 = [ -1.853523e+00 ; -2.354118e+00 ; -7.672212e-01 ];
Tc_7  = [ -5.471260e+02 ; -1.873197e+02 ; 9.801068e+02 ];
omc_error_7 = [ 3.278854e-03 ; 4.425326e-03 ; 7.645129e-03 ];
Tc_error_7  = [ 4.480855e+00 ; 3.586214e+00 ; 5.196280e+00 ];

%-- Image #8:
omc_8 = [ 2.029621e+00 ; 1.858520e+00 ; -4.855536e-01 ];
Tc_8  = [ -6.975085e+02 ; -2.294661e+02 ; 1.223475e+03 ];
omc_error_8 = [ 2.651667e-03 ; 4.330109e-03 ; 6.966865e-03 ];
Tc_error_8  = [ 5.495651e+00 ; 4.407730e+00 ; 5.417205e+00 ];

%-- Image #9:
omc_9 = [ 2.105587e+00 ; 2.301928e+00 ; 1.339521e-01 ];
Tc_9  = [ -6.061595e+02 ; -2.755092e+02 ; 1.087851e+03 ];
omc_error_9 = [ 4.098779e-03 ; 5.079197e-03 ; 9.460310e-03 ];
Tc_error_9  = [ 4.919004e+00 ; 3.895191e+00 ; 5.489848e+00 ];

%-- Image #10:
omc_10 = [ 2.109137e+00 ; 2.235962e+00 ; 1.288118e-01 ];
Tc_10  = [ -5.997075e+02 ; -2.966195e+02 ; 1.110485e+03 ];
omc_error_10 = [ 4.188323e-03 ; 5.316237e-03 ; 1.000384e-02 ];
Tc_error_10  = [ 5.037657e+00 ; 3.960186e+00 ; 5.589628e+00 ];

%-- Image #11:
omc_11 = [ 2.125862e+00 ; 2.027429e+00 ; 5.169231e-01 ];
Tc_11  = [ -4.971786e+02 ; -2.471657e+02 ; 1.036796e+03 ];
omc_error_11 = [ 4.495143e-03 ; 4.295870e-03 ; 8.689295e-03 ];
Tc_error_11  = [ 4.828992e+00 ; 3.715308e+00 ; 5.195162e+00 ];

%-- Image #12:
omc_12 = [ 2.125163e+00 ; 1.975747e+00 ; 6.568276e-01 ];
Tc_12  = [ -4.616817e+02 ; -2.029253e+02 ; 9.877615e+02 ];
omc_error_12 = [ 4.539058e-03 ; 3.671102e-03 ; 7.742620e-03 ];
Tc_error_12  = [ 4.582732e+00 ; 3.523947e+00 ; 4.977296e+00 ];

%-- Image #13:
omc_13 = [ 2.154492e+00 ; 1.986203e+00 ; 6.290034e-01 ];
Tc_13  = [ -4.718522e+02 ; -1.987526e+02 ; 1.016293e+03 ];
omc_error_13 = [ 4.626180e-03 ; 3.765935e-03 ; 8.070367e-03 ];
Tc_error_13  = [ 4.708500e+00 ; 3.623203e+00 ; 5.103449e+00 ];

%-- Image #14:
omc_14 = [ 2.320044e+00 ; 2.063069e+00 ; 4.387403e-01 ];
Tc_14  = [ -5.123516e+02 ; -1.808769e+02 ; 1.098746e+03 ];
omc_error_14 = [ 4.965360e-03 ; 4.154423e-03 ; 9.548306e-03 ];
Tc_error_14  = [ 5.036769e+00 ; 3.906702e+00 ; 5.374649e+00 ];

%-- Image #15:
omc_15 = [ 2.590587e+00 ; -1.777558e-01 ; -2.848531e-01 ];
Tc_15  = [ -4.998101e+02 ; 2.654160e+02 ; 1.119932e+03 ];
omc_error_15 = [ 4.325277e-03 ; 2.093521e-03 ; 6.584665e-03 ];
Tc_error_15  = [ 5.011148e+00 ; 3.908417e+00 ; 5.096709e+00 ];

%-- Image #16:
omc_16 = [ 1.716533e+00 ; -1.852129e+00 ; 4.244132e-01 ];
Tc_16  = [ 1.428636e+02 ; 9.194899e+01 ; 9.485014e+02 ];
omc_error_16 = [ 3.006705e-03 ; 4.051312e-03 ; 5.724239e-03 ];
Tc_error_16  = [ 4.259299e+00 ; 3.193429e+00 ; 4.340813e+00 ];

%-- Image #17:
omc_17 = [ 1.734814e+00 ; -1.868572e+00 ; 3.970825e-01 ];
Tc_17  = [ 1.365205e+02 ; 8.948098e+01 ; 9.565914e+02 ];
omc_error_17 = [ 3.035504e-03 ; 4.063753e-03 ; 5.805106e-03 ];
Tc_error_17  = [ 4.293934e+00 ; 3.219772e+00 ; 4.366088e+00 ];

%-- Image #18:
omc_18 = [ -1.951122e+00 ; -1.738212e+00 ; -3.667025e-01 ];
Tc_18  = [ -5.455317e+02 ; -1.560571e+02 ; 1.185953e+03 ];
omc_error_18 = [ 3.398168e-03 ; 3.932033e-03 ; 6.123994e-03 ];
Tc_error_18  = [ 5.299321e+00 ; 4.156944e+00 ; 5.354310e+00 ];

%-- Image #19:
omc_19 = [ -1.916783e+00 ; -1.758645e+00 ; -3.328157e-01 ];
Tc_19  = [ -5.326041e+02 ; -1.829333e+02 ; 1.197068e+03 ];
omc_error_19 = [ 3.379722e-03 ; 3.953063e-03 ; 6.064340e-03 ];
Tc_error_19  = [ 5.348706e+00 ; 4.187180e+00 ; 5.351883e+00 ];

%-- Image #20:
omc_20 = [ -2.953490e+00 ; -1.065853e-02 ; 2.955905e-02 ];
Tc_20  = [ -4.992061e+02 ; 2.109345e+02 ; 1.585789e+03 ];
omc_error_20 = [ 8.379605e-03 ; 1.731736e-03 ; 1.151079e-02 ];
Tc_error_20  = [ 7.054815e+00 ; 5.409877e+00 ; 6.677901e+00 ];

%-- Image #21:
omc_21 = [ -2.065472e+00 ; -2.174989e+00 ; -1.945607e-01 ];
Tc_21  = [ -4.661351e+02 ; -2.642713e+02 ; 1.497822e+03 ];
omc_error_21 = [ 5.879200e-03 ; 6.210160e-03 ; 1.180713e-02 ];
Tc_error_21  = [ 6.732456e+00 ; 5.177587e+00 ; 6.952000e+00 ];

%-- Image #22:
omc_22 = [ -2.067607e+00 ; -2.166161e+00 ; -2.036680e-01 ];
Tc_22  = [ -4.705060e+02 ; -2.633111e+02 ; 1.497050e+03 ];
omc_error_22 = [ 5.844357e-03 ; 6.149737e-03 ; 1.169694e-02 ];
Tc_error_22  = [ 6.730045e+00 ; 5.178259e+00 ; 6.949076e+00 ];

%-- Image #23:
omc_23 = [ -1.868595e+00 ; -1.960892e+00 ; -4.795218e-01 ];
Tc_23  = [ -5.213992e+02 ; -2.184601e+02 ; 1.256381e+03 ];
omc_error_23 = [ 3.463825e-03 ; 4.388395e-03 ; 6.862696e-03 ];
Tc_error_23  = [ 5.640722e+00 ; 4.412760e+00 ; 5.852399e+00 ];

%-- Image #24:
