% Intrinsic and Extrinsic Camera Parameters
%
% This script file can be directly executed under Matlab to recover the camera intrinsic and extrinsic parameters.
% IMPORTANT: This file contains neither the structure of the calibration objects nor the image coordinates of the calibration points.
%            All those complementary variables are saved in the complete matlab data file Calib_Results.mat.
% For more information regarding the calibration model visit http://www.vision.caltech.edu/bouguetj/calib_doc/


%-- Focal length:
fc = [ 2913.822602843651600 ; 3035.286780451293900 ];

%-- Principal point:
cc = [ 959.500000000000000 ; 539.500000000000000 ];

%-- Skew coefficient:
alpha_c = 0.000000000000000;

%-- Distortion coefficients:
kc = [ -0.723892340984031 ; 5.780428636612851 ; -0.007756102646062 ; -0.015227163088146 ; 0.000000000000000 ];

%-- Focal length uncertainty:
fc_error = [ 1196.737894291190300 ; 1267.271710917676500 ];

%-- Principal point uncertainty:
cc_error = [ 0.000000000000000 ; 0.000000000000000 ];

%-- Skew coefficient uncertainty:
alpha_c_error = 0.000000000000000;

%-- Distortion coefficients uncertainty:
kc_error = [ 1.001714063669314 ; 11.213739512422647 ; 0.045077503342597 ; 0.070119712877100 ; 0.000000000000000 ];

%-- Image size:
nx = 1920;
ny = 1080;


%-- Various other variables (may be ignored if you do not use the Matlab Calibration Toolbox):
%-- Those variables are used to control which intrinsic parameters should be optimized

n_ima = 51;						% Number of calibration images
est_fc = [ 1 ; 1 ];					% Estimation indicator of the two focal variables
est_aspect_ratio = 1;				% Estimation indicator of the aspect ratio fc(2)/fc(1)
center_optim = 0;					% Estimation indicator of the principal point
est_alpha = 0;						% Estimation indicator of the skew coefficient
est_dist = [ 1 ; 1 ; 1 ; 1 ; 0 ];	% Estimation indicator of the distortion coefficients


%-- Extrinsic parameters:
%-- The rotation (omc_kk) and the translation (Tc_kk) vectors for every calibration image and their uncertainties

%-- Image #1:
omc_1 = [ NaN ; NaN ; NaN ];
Tc_1  = [ NaN ; NaN ; NaN ];
omc_error_1 = [ NaN ; NaN ; NaN ];
Tc_error_1  = [ NaN ; NaN ; NaN ];

%-- Image #2:
omc_2 = [ NaN ; NaN ; NaN ];
Tc_2  = [ NaN ; NaN ; NaN ];
omc_error_2 = [ NaN ; NaN ; NaN ];
Tc_error_2  = [ NaN ; NaN ; NaN ];

%-- Image #3:
omc_3 = [ NaN ; NaN ; NaN ];
Tc_3  = [ NaN ; NaN ; NaN ];
omc_error_3 = [ NaN ; NaN ; NaN ];
Tc_error_3  = [ NaN ; NaN ; NaN ];

%-- Image #4:
omc_4 = [ NaN ; NaN ; NaN ];
Tc_4  = [ NaN ; NaN ; NaN ];
omc_error_4 = [ NaN ; NaN ; NaN ];
Tc_error_4  = [ NaN ; NaN ; NaN ];

%-- Image #5:
omc_5 = [ 2.244892e+00 ; 2.123573e+00 ; 4.955791e-01 ];
Tc_5  = [ -7.352746e+02 ; -3.391316e+02 ; 2.460093e+03 ];
omc_error_5 = [ 9.466336e-02 ; 1.018268e-01 ; 6.132023e-02 ];
Tc_error_5  = [ 1.958399e+01 ; 8.343213e+00 ; 1.101506e+03 ];

%-- Image #6:
omc_6 = [ NaN ; NaN ; NaN ];
Tc_6  = [ NaN ; NaN ; NaN ];
omc_error_6 = [ NaN ; NaN ; NaN ];
Tc_error_6  = [ NaN ; NaN ; NaN ];

%-- Image #7:
omc_7 = [ NaN ; NaN ; NaN ];
Tc_7  = [ NaN ; NaN ; NaN ];
omc_error_7 = [ NaN ; NaN ; NaN ];
Tc_error_7  = [ NaN ; NaN ; NaN ];

%-- Image #8:
omc_8 = [ NaN ; NaN ; NaN ];
Tc_8  = [ NaN ; NaN ; NaN ];
omc_error_8 = [ NaN ; NaN ; NaN ];
Tc_error_8  = [ NaN ; NaN ; NaN ];

%-- Image #9:
omc_9 = [ NaN ; NaN ; NaN ];
Tc_9  = [ NaN ; NaN ; NaN ];
omc_error_9 = [ NaN ; NaN ; NaN ];
Tc_error_9  = [ NaN ; NaN ; NaN ];

%-- Image #10:
omc_10 = [ NaN ; NaN ; NaN ];
Tc_10  = [ NaN ; NaN ; NaN ];
omc_error_10 = [ NaN ; NaN ; NaN ];
Tc_error_10  = [ NaN ; NaN ; NaN ];

%-- Image #11:
omc_11 = [ NaN ; NaN ; NaN ];
Tc_11  = [ NaN ; NaN ; NaN ];
omc_error_11 = [ NaN ; NaN ; NaN ];
Tc_error_11  = [ NaN ; NaN ; NaN ];

%-- Image #12:
omc_12 = [ NaN ; NaN ; NaN ];
Tc_12  = [ NaN ; NaN ; NaN ];
omc_error_12 = [ NaN ; NaN ; NaN ];
Tc_error_12  = [ NaN ; NaN ; NaN ];

%-- Image #13:
omc_13 = [ NaN ; NaN ; NaN ];
Tc_13  = [ NaN ; NaN ; NaN ];
omc_error_13 = [ NaN ; NaN ; NaN ];
Tc_error_13  = [ NaN ; NaN ; NaN ];

%-- Image #14:
omc_14 = [ NaN ; NaN ; NaN ];
Tc_14  = [ NaN ; NaN ; NaN ];
omc_error_14 = [ NaN ; NaN ; NaN ];
Tc_error_14  = [ NaN ; NaN ; NaN ];

%-- Image #15:
omc_15 = [ NaN ; NaN ; NaN ];
Tc_15  = [ NaN ; NaN ; NaN ];
omc_error_15 = [ NaN ; NaN ; NaN ];
Tc_error_15  = [ NaN ; NaN ; NaN ];

%-- Image #16:
omc_16 = [ NaN ; NaN ; NaN ];
Tc_16  = [ NaN ; NaN ; NaN ];
omc_error_16 = [ NaN ; NaN ; NaN ];
Tc_error_16  = [ NaN ; NaN ; NaN ];

%-- Image #17:
omc_17 = [ NaN ; NaN ; NaN ];
Tc_17  = [ NaN ; NaN ; NaN ];
omc_error_17 = [ NaN ; NaN ; NaN ];
Tc_error_17  = [ NaN ; NaN ; NaN ];

%-- Image #18:
omc_18 = [ NaN ; NaN ; NaN ];
Tc_18  = [ NaN ; NaN ; NaN ];
omc_error_18 = [ NaN ; NaN ; NaN ];
Tc_error_18  = [ NaN ; NaN ; NaN ];

%-- Image #19:
omc_19 = [ NaN ; NaN ; NaN ];
Tc_19  = [ NaN ; NaN ; NaN ];
omc_error_19 = [ NaN ; NaN ; NaN ];
Tc_error_19  = [ NaN ; NaN ; NaN ];

%-- Image #20:
omc_20 = [ NaN ; NaN ; NaN ];
Tc_20  = [ NaN ; NaN ; NaN ];
omc_error_20 = [ NaN ; NaN ; NaN ];
Tc_error_20  = [ NaN ; NaN ; NaN ];

%-- Image #21:
omc_21 = [ NaN ; NaN ; NaN ];
Tc_21  = [ NaN ; NaN ; NaN ];
omc_error_21 = [ NaN ; NaN ; NaN ];
Tc_error_21  = [ NaN ; NaN ; NaN ];

%-- Image #22:
omc_22 = [ NaN ; NaN ; NaN ];
Tc_22  = [ NaN ; NaN ; NaN ];
omc_error_22 = [ NaN ; NaN ; NaN ];
Tc_error_22  = [ NaN ; NaN ; NaN ];

%-- Image #23:
omc_23 = [ NaN ; NaN ; NaN ];
Tc_23  = [ NaN ; NaN ; NaN ];
omc_error_23 = [ NaN ; NaN ; NaN ];
Tc_error_23  = [ NaN ; NaN ; NaN ];

%-- Image #24:
omc_24 = [ NaN ; NaN ; NaN ];
Tc_24  = [ NaN ; NaN ; NaN ];
omc_error_24 = [ NaN ; NaN ; NaN ];
Tc_error_24  = [ NaN ; NaN ; NaN ];

%-- Image #25:
omc_25 = [ NaN ; NaN ; NaN ];
Tc_25  = [ NaN ; NaN ; NaN ];
omc_error_25 = [ NaN ; NaN ; NaN ];
Tc_error_25  = [ NaN ; NaN ; NaN ];

%-- Image #26:
omc_26 = [ NaN ; NaN ; NaN ];
Tc_26  = [ NaN ; NaN ; NaN ];
omc_error_26 = [ NaN ; NaN ; NaN ];
Tc_error_26  = [ NaN ; NaN ; NaN ];

%-- Image #27:
omc_27 = [ NaN ; NaN ; NaN ];
Tc_27  = [ NaN ; NaN ; NaN ];
omc_error_27 = [ NaN ; NaN ; NaN ];
Tc_error_27  = [ NaN ; NaN ; NaN ];

%-- Image #28:
omc_28 = [ NaN ; NaN ; NaN ];
Tc_28  = [ NaN ; NaN ; NaN ];
omc_error_28 = [ NaN ; NaN ; NaN ];
Tc_error_28  = [ NaN ; NaN ; NaN ];

%-- Image #29:
omc_29 = [ NaN ; NaN ; NaN ];
Tc_29  = [ NaN ; NaN ; NaN ];
omc_error_29 = [ NaN ; NaN ; NaN ];
Tc_error_29  = [ NaN ; NaN ; NaN ];

%-- Image #30:
omc_30 = [ NaN ; NaN ; NaN ];
Tc_30  = [ NaN ; NaN ; NaN ];
omc_error_30 = [ NaN ; NaN ; NaN ];
Tc_error_30  = [ NaN ; NaN ; NaN ];

%-- Image #31:
omc_31 = [ NaN ; NaN ; NaN ];
Tc_31  = [ NaN ; NaN ; NaN ];
omc_error_31 = [ NaN ; NaN ; NaN ];
Tc_error_31  = [ NaN ; NaN ; NaN ];

%-- Image #32:
omc_32 = [ NaN ; NaN ; NaN ];
Tc_32  = [ NaN ; NaN ; NaN ];
omc_error_32 = [ NaN ; NaN ; NaN ];
Tc_error_32  = [ NaN ; NaN ; NaN ];

%-- Image #33:
omc_33 = [ NaN ; NaN ; NaN ];
Tc_33  = [ NaN ; NaN ; NaN ];
omc_error_33 = [ NaN ; NaN ; NaN ];
Tc_error_33  = [ NaN ; NaN ; NaN ];

%-- Image #34:
omc_34 = [ NaN ; NaN ; NaN ];
Tc_34  = [ NaN ; NaN ; NaN ];
omc_error_34 = [ NaN ; NaN ; NaN ];
Tc_error_34  = [ NaN ; NaN ; NaN ];

%-- Image #35:
omc_35 = [ NaN ; NaN ; NaN ];
Tc_35  = [ NaN ; NaN ; NaN ];
omc_error_35 = [ NaN ; NaN ; NaN ];
Tc_error_35  = [ NaN ; NaN ; NaN ];

%-- Image #36:
omc_36 = [ NaN ; NaN ; NaN ];
Tc_36  = [ NaN ; NaN ; NaN ];
omc_error_36 = [ NaN ; NaN ; NaN ];
Tc_error_36  = [ NaN ; NaN ; NaN ];

%-- Image #37:
omc_37 = [ NaN ; NaN ; NaN ];
Tc_37  = [ NaN ; NaN ; NaN ];
omc_error_37 = [ NaN ; NaN ; NaN ];
Tc_error_37  = [ NaN ; NaN ; NaN ];

%-- Image #38:
omc_38 = [ NaN ; NaN ; NaN ];
Tc_38  = [ NaN ; NaN ; NaN ];
omc_error_38 = [ NaN ; NaN ; NaN ];
Tc_error_38  = [ NaN ; NaN ; NaN ];

%-- Image #39:
omc_39 = [ NaN ; NaN ; NaN ];
Tc_39  = [ NaN ; NaN ; NaN ];
omc_error_39 = [ NaN ; NaN ; NaN ];
Tc_error_39  = [ NaN ; NaN ; NaN ];

%-- Image #40:
omc_40 = [ NaN ; NaN ; NaN ];
Tc_40  = [ NaN ; NaN ; NaN ];
